5367
32
868
474
271
36
8058
576
2811
470
15853
1343
16586
177483
4781
3180
2281
28731
761
30
88
878
107
88
526
132
262
263
23
55
954
16
32
135
29
21
298
316
42
191
493
75
54
32
61
36
10
213
24
20
1029
1103
80
157
3683
14
236
308
33
5
121
1373
479
40
117
454
420
638
2893
44
104
50
12
1
95
4
53
55
80
18
22
5
34
0
85
230
331
4
96
138
272
177
200
178
31
31
18
0
764
41
197
21
1682
8
278
12
18
34
72
414001
0
552
622
532
523
525
149
160
272
11
8
16
582
1312
7795
2359
1668
51
285
16181
54
6551
408
1609
1236
1695
8474
5109
19420
6985
940
825
1112
3508
1264
174
18574
6263
357
1866
1508
32017
8801
635
881
1677
2219
460
202
366
497
720
24
7079
1866
1669
7403
14211
3740
603
553
640
585
15031
448
2539
3849
754783
7568
13208
240
0
0
52
1127
936
385
10423
9519
2023
4836
972
277
4448
3539
2691
1647
24153
16740
190
1863
227
1247
1797
963
3928
1882
2463
2507
31672
38044
7689
27262
11864
3092
24116
10623
55554
23138
1393
1028
884
83
435
962
923
2423
2420
2453
2379
24780
378
268
299
262
586
1010
529
1010
1061
527
535
523
557
539
522
105
64
501
500
269
275
389
1027
1051
635
517
1048
200
200
357
210
226
200
21
88
219
232
297
288
200
312
213
219
206
326
266
331
361
369
242
175
101
101
258
2399
2399
14014
103
281
300
209
239
214
239
451
369
376
377
234
205
253
247
74
242
222
118
784
200
609
224
331
129
464
1162
255
488
50
78
23
16
294
3801
2620
1668
2632
3208
1059
1119
755
1039
1064
786
306
263
111
211
734
217
208
57
214
18
302
316
293
373
433
451
79
172
96
290
452
80
409
443
475
97
107
16
55
56
1
1
47
29
10
60
60
60
16
4493
1213
788
450
421
86
335
790
90
31
10
948
2546
74
450
193
163
309
102
102
6
30
732
11880
1705
482
4890
1000
334
1000
46
22
1294
60
91
16
1240
12
332
40
431
136
143
69
60
61
23
8
8
5
376
75
9
290
1109
1280
2521
3490
1690
75
8
2
2
1
1
621
185
521
150252
33466
11556
1283
34
460
261
460
60
1363
1532
1423
194
211
202
202
205
206
205
309
490
167
129
63
236
263
238
239
207
202
206
202
62
233
64
204
208
135
2008
135
1346
1088
1546
146
176
180
249
500
500
120
34
112
500
561
270
977
996
322
1001
401
7712
8952
7328
3411
1161
450
449
450
450
4543
2445
324
1005
49
27
3648
50
23550
18400
12630
1850
17060
18920
22158
240
180
2382
260
400
280
340
11560
15640
4460
11019
9301
2500
5244
2500
2500
75
650
950
1733
1525
1500
900
900
113
30
300
300
300
216
10
1000
4499
1800
4500
2970
2430
13694
18808
1174
3750
7017
2430
12480
0
0
0
0
0
0
0
390
390
390
390
390
0
684
673
673
690
2160
1199
1000
45
3899
5902
8420
300
98
739
2000
800
800
800
800
4379
4616
2178
2249
703
10078
8058
7950
8699
5200
13800
1450
8860
3576
5580
10658
8654
340
1220
194
600
3095
308
600
8221
16896
26661
1000
220
999
960
2842
8174
3382
12072
1559
175
3486
2408
897
3189
195
3750
765
2189
720
2685
124
1185
0
0
0
0
1979
42
63
49
93
16
36
7
401
899
299
920
350
378
900
900
900
27
5878
23863
6471
6373
16640
2630
36
31
27
5960
5947
2029
5960
5944
14043
4894
28991
10367
2521
510
3038
456
80
251
3041
202
324
502
250
4005
2242
14997
15000
250
250
225
225
4
47
7998
500
500
520
1704
50
63
50
1514
4165
12000
1144
577
733
0
12116
201
35
340
1225
638
915
104
146
933
1000
1500
639
1500
1500
898
900
900
904
50
500
500
309
4690
3139
1455
3791
2060
1472
286
3244
1080
400
400
400
400
400
225
1575
3500
883
597
5530
5853
699
573
1188
2179
2771
33
5384
200
2748
151
8028
500
493
500
281
1930
11256
33149
8319
2794
3190
3665
3653
3666
203
500
500
500
496
29
38
500
336
251
225
500
500
500
12534
446
5018
4366
2020
1154
1134
1230
1077
1314
1010
791
3476
77
6309
60
228
129
279
126
690
1050
499
1399
9021
94
100
43
299
272
4211
2422
19523
160
168
488
500
406
405
406
399
405
405
455
435
429
421
419
432
488
503
502
398
399
506
539
498
511
498
489
490
418
401
408
370
380
380
380
495
399
412
400
389
386
480
392
395
371
365
398
120
120
127
120
120
120
120
120
1014
371
669
120
30
0
0
0
300
300
300
188
120
120
120
120
120
398
411
394
109
485
121
178
0
0
0
0
90
90
90
90
90
90
90
90
90
90
379
369
233
431
347
448
459
2230
1984
460
450
450
206
500
500
500
496
29
38
501
336
251
225
500
501
500
353
356
525
0
0
381
376
1017
388
401
373
1907
2081
77
409
60
228
129
279
131
0
0
0
1399
2169
91
91
43
439
455
381
382
3382
403
500
10916
5328
8839
2067
1249
798
23770
17188
530
7002
11299
4044
488
4366
969
3151
4237
2683
1000
518
989
498
4862
870
2501
8461
3509
500
500
500
386
0
4625
1354
2052
5491
1844
480
4794
956
4098
6869
4052
60
60
48
120
120
120
120
120
1014
371
669
30
30
1041
4989
4312
300
300
300
188
30
30
30
30
30
25845
10124
4236
109
2507
121
178
0
0
0
0
30
30
30
30
30
0
0
0
0
0
13861
18597
500
50
300
100
2266
499
500
500
239
1930
24945
50699
8259
2794
3198
7504
10009
10002
206
500
500
500
496
29
38
500
336
251
225
500
500
500
13554
446
4954
3718
1923
641
641
618
627
621
612
2030
3476
77
6310
60
228
129
279
131
120
120
120
1399
8461
91
91
43
33057
15505
4211
2422
19534
180
169
488
